256
2714026.6
1377648.9
1971660.9
512
2767699.2
1456611.7
2079594.0
768
2672978.7
1381503.7
1966884.6
1024
2738800.6
1387294.8
1972717.5
1280
2659015.0
1400879.0
1972426.1
1536
2634006.0
1379016.3
2030628.8
1792
2653094.8
1371351.1
1961069.7
2048
2674237.4
1375346.4
1996899.7
2304
2721844.1
1408216.7
1962439.6
2560
2685411.3
1381803.7
2019418.8
2816
2700890.1
1385565.1
1970592.1
3072
2652512.3
1373593.7
1970822.1
3328
2804261.9
1430646.5
2066518.9
3584
2702601.5
1380437.6
1964677.1
3840
2671903.6
1421423.9
1960078.1
4096
2874314.8
1575516.1
2118934.3
4352
2880812.2
1615951.4
2130283.0
4608
2924460.5
1587062.4
2145734.6
4864
2864240.8
1569862.4
2158999.7
5120
2864800.9
1573058.7
2111100.4
5376
2867095.0
1630486.5
2128448.2
5632
2920615.2
1569211.1
2134710.7
5888
2888962.4
1573706.2
2125551.7
6144
2921310.1
1607376.5
2122519.2
6400
2904182.5
1576642.2
2154785.5
6656
2869206.1
1595962.5
2141309.6
6912
2892716.3
1573492.3
2137204.4
7168
2931152.8
1611530.1
2169817.1
7424
2879434.8
1572779.9
2117548.0
7680
2874339.7
1593842.5
2131931.7
7936
2869889.7
1574317.3
2107751.4
8192
2996528.2
1702044.2
2198941.0
8448
3030680.9
1723745.8
2249886.2
8704
3037575.9
1711243.1
2196366.0
8960
3025027.0
1704807.0
2205759.9
9216
3025994.4
1715249.5
2250925.1
9472
3065370.9
1722832.0
2232656.1
9728
3038835.7
1730908.2
2213361.0
9984
3020581.9
1715471.9
2211098.5
10240
3044038.4
1720587.0
2214163.7
10496
3017113.3
1734355.9
2210252.4
10752
3066294.9
1730267.1
2209218.7
11008
3068002.2
1713610.5
2217572.4
11264
3048609.8
1718038.1
2222437.2
11520
3075842.4
1731169.5
2270503.9
11776
3061135.9
1734634.5
2235143.8
12032
3067358.4
1729162.1
2246798.7
12288
3229031.9
1912128.1
2384325.8
12544
3232995.6
1932554.5
2402218.2
12800
3236414.4
1909744.2
2343010.3
13056
3266077.2
1959447.0
2377384.6
13312
3237422.1
1909694.4
2357913.2
13568
3228111.8
1907054.3
2358975.7
13824
3257064.6
1912087.0
2375847.0
14080
3302022.4
1904128.1
2365949.5
14336
3250819.5
1911916.8
2346971.9
14592
3260735.9
1931854.6
2406418.6
14848
3240378.3
1910221.8
2367743.2
15104
3245083.3
1905955.5
2348788.3
15360
3238540.7
1907608.3
2356689.6
15616
3239533.3
1916333.1
2355784.3
