256
2714236.5
1397050.0
2006733.8
512
2645829.0
1377413.9
1986327.5
768
2684168.9
1402661.4
2030816.4
1024
2651684.9
1400071.4
1989598.6
1280
2677994.0
1386182.5
1983338.8
1536
2703810.3
1401726.2
1966348.5
1792
2636570.1
1385696.3
1961046.0
2048
2646840.2
1400413.8
1972186.4
2304
2646431.3
1381216.1
1966170.0
2560
2696032.9
1379297.5
1989165.1
2816
2662869.1
1384802.6
1972147.4
3072
2662736.5
1392861.4
1961375.0
3328
2728023.0
1389316.3
1972463.7
3584
2673720.1
1392223.9
1972037.5
3840
2664106.4
1378782.6
1977219.8
4096
2880126.0
1586126.0
2119386.8
4352
2871959.9
1574678.3
2128991.8
4608
2872147.1
1588843.4
2134846.7
4864
2896837.4
1601048.5
2120610.4
5120
2918492.4
1586624.5
2122299.1
5376
2904381.4
1588827.2
2163449.5
5632
2894112.2
1582337.0
2246803.5
5888
2938398.8
1592033.6
2137623.1
6144
2884123.5
1607839.9
2133824.3
6400
2876689.8
1584988.4
2141263.1
6656
2893318.8
1586991.1
2132251.8
6912
2887674.8
1580863.2
2167939.6
7168
2902566.2
1585642.3
2139079.3
7424
2948299.0
1635596.0
2233183.7
7680
2929867.6
1601156.0
2167417.0
7936
2942040.1
1671890.2
2135005.8
8192
3069744.2
1761531.6
2247552.4
8448
3073027.9
1728553.9
2247264.8
8704
3059565.6
1717756.4
2225889.8
8960
3054804.1
1727402.7
2289228.8
9216
3061163.0
1710255.1
2252897.3
9472
3034955.3
1732321.5
2232133.5
9728
3028500.5
1700861.5
2202340.9
9984
3051260.4
1733572.8
2230677.3
10240
3028981.9
1714011.5
2208633.5
10496
3047419.5
1729794.2
2221686.1
10752
3039090.8
1744100.4
2259781.3
11008
3053385.7
1735820.4
2213855.9
11264
3038620.6
1750322.8
2228597.4
11520
3042441.9
1708735.2
2222974.7
11776
3023675.6
1741205.5
2225599.8
12032
3086553.3
1725316.5
2221587.3
12288
3281695.4
1963803.6
2381665.4
12544
3250586.6
1959767.4
2392435.6
12800
3320374.2
1914091.1
2403666.8
13056
3251196.6
1905943.5
2359311.6
13312
3269547.7
1931081.1
2379500.6
13568
3256828.9
1945211.4
2375102.9
13824
3261200.4
1910728.6
2369975.4
14080
3274877.8
1924857.4
2389709.2
14336
3271556.6
1933909.9
2402841.7
14592
3272506.7
1921808.8
2391529.4
14848
3306945.3
1908661.0
2376801.6
15104
3292179.2
1958482.6
2374526.6
15360
3276911.5
1904328.5
2378163.1
15616
3259435.3
1911587.2
2380857.9
